"","emissions.agriculture","emissions.buildings","emissions.extraction","emissions.manufacturing","emissions.maritime","emissions.oil.and.gas","emissions.power","emissions.transport","emissions.waste","emissions.total","GDP","iso_code"
"1",0,1.33640859449638,0,0.57931363917352,0,0.000571342936890021,6.54702808010041,4.71972350748366,0.265140587827586,13.4481857520184,23384.2987907455,"ABW"
"2",0.395777189574485,0.0183465310876344,2.9027695504098e-05,0.0468082379058547,0,0.0134309862686156,0.0961418853205659,0.0625049000291305,0.149608228863599,0.782646986745389,516.747884081894,"AFG"
"3",0.487424341125415,0.147769613040969,0.000228958138541429,0.120903193456392,0,0.49120371736738,0.127077760877641,0.205628019242829,0.184614804174614,1.76485040742378,1631.43159160255,"AGO"
"4",1.00739002015428,0.25151678365418,0.00397317395232469,0.856563347001181,0.0106192230175829,0.0226443811244701,0,0.708714295642505,0.163322677044965,3.02474390159149,5258.13686517258,"ALB"
"6",0.197429325406455,0.0942988150125374,0.0120848499555124,8.32443672652269,0.0135929790503923,7.52139145029524,8.55735662865,4.8435190689962,0.757866213702176,30.3219760575912,36284.5552429552,"ARE"
"7",3.00723795515758,0.820883792326079,0.00242617805699364,0.838034133986327,0.0053138151671519,1.20629009666744,1.0867843933026,0.981239286609439,0.365463356575623,8.31367300784923,8620.07625492867,"ARG"
"8",0.53275914085759,0.658595304994476,0.0354619311198508,0.153406717120551,0,0,0.430948079024471,0.637077260857563,0.149768799899029,2.59801723387353,4266.01807420946,"ARM"
"9",0.199493505432563,0.903020586553386,0.000520790785066579,0.396454538027939,105.569755330447,0,2.80818560575116,2.94669553141083,0.503226860550609,113.327352748958,13992.7444804497,"ATG"
"10",3.67789817050119,1.70121137824962,0.325207099013799,1.76701219770446,0.0295285311146562,5.07385328872136,7.06306539481754,4.52142923809838,0.546842573376816,24.7060478715978,52072.2517544595,"AUS"
"11",0.787630573814177,1.21605380618227,0.00730269586072126,1.95156777402736,0,0.284915726594422,1.37038994492805,2.36183580564932,0.312528091135193,8.29222441819151,48105.6213000216,"AUT"
"12",0.690497895538838,0.728819060722396,0.000331486536133364,0.313577485347674,0.0394354570268291,1.38343977690493,1.45001935561818,0.686033232486864,0.366901646337103,5.65905539651895,4210.69761593029,"AZE"
"13",0.524976029749434,0.0562855375101097,6.73631109680685e-05,0.0113773014573223,0,0.0329667159793793,0.00664380245502798,0.0109849807174146,0.14460614487812,0.787907875857776,233.837510306669,"BDI"
"14",0.800597534896756,2.55466591818055,0.00370659390267978,2.2325121902227,0.262324825947641,0.650881789353504,1.4845634229814,2.39522620939296,0.383180081203726,10.7676585660819,45012.4440822398,"BEL"
"15",0.472392103139782,0.0587169326113456,0.000121255134165094,0.096515209930581,0,0.109476063989056,0.0126396516826666,0.563406124357616,0.203275901292712,1.51654324213792,1291.04097215441,"BEN"
"16",1.08349561250633,0.0915219134530001,8.89812593029667e-06,0.0389962282470721,0,0.049561604644018,0.0411418725809416,0.0866766925264066,0.195031611788352,1.58643443387205,857.932729650223,"BFA"
"17",0.817841491575851,0.109064219509657,0.000463891444811455,0.159569530744275,0.0053138334495764,0.0413994484842108,0.252737832683237,0.0728970813129239,0.593189390121739,2.05247671932628,2270.34741072096,"BGD"
"18",0.826843272127793,0.600118443766915,0.0105105530805813,1.25295832376884,0.0154280562053812,0.398346392610145,2.71280322431853,1.39328079879743,0.695151792955115,7.90544085763074,10058.2716612756,"BGR"
"19",0.0428977017283318,0.162032060734034,0,3.21974361521007,0.0337902999736128,6.00112424724507,12.3189759183067,2.53707929616128,0.585807451061747,24.9014505904208,20406.5023256629,"BHR"
"20",0.0521274106924892,0.928055578159329,0.00616659207421271,0.399714683863618,100.604254821385,0.000747619822605582,4.01273496622996,2.60473797705265,0.831119293677272,109.439658942957,24665.0968345675,"BHS"
"21",0.777515647788735,0.405508082595331,0.00669620201078086,0.93597962701341,0,1.04158265552919,4.2279046517405,1.12687457232425,0.256311312890242,8.77837275189244,6082.36673041923,"BIH"
"22",4.37037888754123,0.826519492776253,0.000436010164116554,1.1275145589826,0,0.632205107647417,3.21080551713716,1.27333265533047,0.566559226848151,12.0077514564274,6507.30236541029,"BLR"
"23",1.78752631274505,0.177462960960311,0.0016095729350311,0.0780190181102105,6.90293269218678,0.000482871880509329,0.593530019792717,0.552543753976777,0.704399415523828,10.7985066181112,3987.79659612067,"BLZ"
"24",0.00170218232620879,1.84751015688982,0,0.747434682767813,160.258233905545,0.181202126122075,8.09339521140783,4.43524480914682,0.381288841070769,175.946011915276,110507.956899459,"BMU"
"25",2.29594752141882,0.523807488184943,0.00205285192043984,0.292368073445204,0.00193540168537232,0.475344659899329,0.357599043059004,0.775652317834557,0.219443470927726,4.94415082837539,3137.98961744018,"BOL"
"26",2.46621251410335,0.172512900487566,0.0195759389770224,0.566623049684068,0.00727339248140924,0.468971874441803,0.441683578644517,0.888382926809807,0.757999852916414,5.78923602854596,6814.87566402876,"BRA"
"27",0.187148320463791,0.688423675318665,0.00713711543614352,0.528076945829607,5.75176339992553,0.000267946313302317,2.88129282356257,2.33949841842079,0.52420042384235,12.9078090691127,16318.7481052701,"BRB"
"28",0.981725004171591,0.40074928625798,0.00175092517880695,1.25465903817977,1.00784030465184,2.71389059689177,6.48181529339426,3.33606334417566,0.335825620652688,16.5143194135544,27442.95382794,"BRN"
"29",0.666355629513279,0.483268793124005,0.0122211681518691,1.06469183994028,0,0.0278663369672841,0.211393809323857,0.248536829390937,0.421299824264008,3.13563423067552,3000.77798595652,"BTN"
"30",1.20323988731197,0.150964120554935,0.0125827884973157,0.370103226492319,0,0.361324615957051,1.90971562217615,1.13965959708712,0.26194652633817,5.40953638441503,6348.83231765626,"BWA"
"31",1.7972704256357,0.0544030722826208,2.50529839553237e-05,0.0196622443663914,0,0.0655104473013588,0.0145230698642832,0.0473776772529672,0.181927729802119,2.1806997194894,481.746296629034,"CAF"
"32",1.90930401538269,3.04311905234031,0.0368939442675188,2.5277691343335,0.073966574670509,6.62887668632391,2.04386840009882,3.55814326028434,0.563937046945596,20.3858781146472,43596.4338541858,"CAN"
"33",0.670388225107105,1.64877918355264,0.00175212817018614,0.934902961632738,0.0443295128681589,0.0501870793141881,0.368220526890962,2.40606078743163,0.0507463183239283,6.17536672329154,86918.6884655233,"CHE"
"34",0.605676450057459,0.449710109871163,0.35707233359252,0.538782639318426,0.0660074424802241,0.284143696281187,1.93113613327497,1.41132822995021,0.780555013839565,6.42441204866572,13220.5714496315,"CHL"
"35",0.452782551686272,0.597452733247978,0.00626117983338309,3.17924191019547,0.0247047388453618,0.765606633736314,3.27847276525501,0.597416709386728,0.567780518620433,9.46971974080695,10204.5656007297,"CHN"
"36",0.292169473092176,0.0978486994373704,5.1178477319746e-05,0.117696546961598,0,0.197537170359428,0.125219328207803,0.134411323924278,0.188094172644186,1.15302789310416,2325.72361685433,"CIV"
"37",0.523809810824014,0.0935811318855548,5.68826842479115e-06,0.0584333589594221,0.00875725875789916,0.0152942846388424,0.0970614103952314,0.119452770495622,0.248611233750011,1.16500694797502,1537.13021832773,"CMR"
"38",0.110069439730112,0.0678658155977182,0.0197211615967449,0,0.00161524928236948,0.112235841580338,0.00054711064837212,0.0217480613971589,0.237914973377819,0.571717653210633,543.950368221839,"COD"
"39",0.877317558315447,0.0837370960832114,0.00427430350925646,0.0844407813425365,0,0.213033236850709,0.379943284744075,0.240692978660015,0.205806101094364,2.08924534059961,1899.77823742106,"COG"
"40",1.27751750470748,0.236815193101083,0.000554371092644827,0.372110275824774,0.000547610469563793,0.353518405128137,0.30230204718742,0.682029658539009,0.543479414413696,3.7688744804638,5312.19855554985,"COL"
"41",0.371208436111063,0.0792219366486698,0.000178243895146591,0.063260483328446,0.767247971756967,0.0804972429694283,0.0977466521771629,0.180635813223397,0.342918255049764,1.98291503516005,1407.40927043446,"COM"
"42",0.169712295948833,0.231112901717303,0.000368712993805622,0.297405699403584,0.106043655618467,0.00240292955963078,0.633107189363799,1.06505176370713,0.194392684734203,2.69959783304676,3064.27238842819,"CPV"
"43",0.859961712674667,0.126884478831844,0.000733199139241878,0.303963751105688,0,0.122844522128873,0.0396536080660935,1.22362220397895,0.483860392602129,3.16152386852748,12201.9260332666,"CRI"
"44",1.04107166694801,0.274434659036733,0.000718396385999137,0.984040511305407,0.00246198864691802,0.0768339811290504,1.05035784739237,0.172822844881472,0.595807167824883,4.19854906355084,9477.85287326771,"CUB"
"46",0.313221977519565,0.699758398689373,0.0044344649197713,1.25337326615652,17.4131672300165,0.00614563498406856,2.45991049901397,1.97893753401013,0.524628507960751,24.6535775132707,20451.2949690889,"CYP"
"47",0.563644238079773,1.60980147319325,0.00492297026925622,1.6631089677805,0,0.393828657102981,4.44283611644879,1.76992360244886,0.464841569441428,10.9129075947648,22909.6773219676,"CZE"
"48",0.784503281440177,1.72689328160536,0.00329040370789897,1.59772502473744,0.0997272938118072,0.456636142600305,2.89148145138644,2.22709413154387,0.207027733141806,9.9943787439751,45908.723617185,"DEU"
"49",0.700788055084909,0.153974384667238,0.000757083487685248,0.237022799548989,0.0477114418796723,0.306872860581254,0.0639624211287022,0.525564725577479,0.522590035242844,2.55924380719877,3219.70112779347,"DJI"
"50",0.506952257921129,0.399605506243836,0.000694531260852051,0.226236612909947,3.23318192551847,0.000833437513022461,1.19274631551166,1.03036490672445,0.461668819713575,7.05228431331694,7003.85902147233,"DMA"
"51",1.90393378823221,0.879656151554081,0.00272590584273376,0.966293481081378,3.94746748344283,0.219283060348541,1.44137904006472,2.20096671335587,0.195172199593143,11.7568778235155,61476.5863153689,"DNK"
"52",0.858575168069334,0.18937630716496,0.000825781644085346,0.517031492904067,0,0.0546178321637065,1.02340922264799,0.736812936397667,0.596284775381493,3.9769335163733,7268.1969096591,"DOM"
"53",0.264040577916457,0.621414121862184,0.00221572831880582,0.589297007387099,0.0103978824312598,1.86815846391251,0.949457896601048,1.04926459675624,0.443196859805664,5.79744313499127,3306.85813296987,"DZA"
"54",0.732567479790921,0.370739089477676,0.00304516336735238,0.301891168538791,0.012629895267601,0.385100600462732,0.270030538920119,1.10503399070229,0.456039938650098,3.63707786517758,5627.77227986528,"ECU"
"55",0.291871615654434,0.216831859720144,0.000876420763581297,0.623253090006638,0.00332916373542709,0.250205111852506,1.02593762989277,0.555712258578757,0.243519403561703,3.21153655376596,3569.2066668217,"EGY"
"57",0.797572205451507,0.823174956656838,0.00375876006688514,1.01634271404977,0.0690229319868471,0.485349433790513,1.08672781692054,2.13471784061437,0.466305263333503,6.88297192287077,27408.6337277939,"ESP"
"58",3.19431920207397,0.884598191232975,0.00316537998505886,0.877538466641388,0.966114075801767,3.25707800524523,5.20645680225007,1.86442087266187,0.820104045188268,17.0737950410806,23105.4537195827,"EST"
"59",1.00500950805431,0.132174898096427,8.26261644730909e-05,0.0720944033895116,0.000886385031280862,0.0321493108635166,0.000426221924326924,0.0735082684965702,0.147956852145459,1.46428847416587,936.45074941684,"ETH"
"60",2.22180518842504,1.04253943261505,0.0124590350925638,1.84047410461965,0.941408676637216,0.741614534433985,2.95086810048806,2.10748697190509,1.95575374888237,13.814409793099,49061.6853175738,"FIN"
"61",0.696499725582412,0.205176229636207,0.000393778083181995,0.41901223054647,0.116725640419257,0.00705900201239564,0.664321474626413,1.37338640227387,0.475826710870952,3.95840119405116,5102.84392924983,"FJI"
"62",1.16520581886263,1.46098532280598,0.00294629466237392,0.928962547625751,0.086926485585761,0.272023680907502,0.681957483764624,2.23421609365833,0.33896015890795,7.1721838867809,40296.8624004062,"FRA"
"63",1.64285275759746,4.09290903509669e-05,0,4.09290903509669e-05,23.7809270438965,0,3.72454722193799,0.43638596132201,0.463521948224701,30.0483167911593,66320.6791976778,"FRO"
"65",0.485184173447968,0.342128058774477,0.000678429709290623,0.625356737211375,0.0601421197918164,2.4083284210829,0.44751110647842,0.410739317652471,0.205038531213158,4.98510689536188,6881.71422533521,"GAB"
"66",0.739670728613178,1.47541298937478,0.0022230354154865,0.840072552211348,0.152037603978717,0.487728340131592,1.01651285784841,1.89004451403299,0.155687457715882,6.75939007932238,40610.7281209895,"GBR"
"67",0.517716069112034,0.58508538732946,0.00275019270901878,0.88679112849148,0.00559213371185772,0.0027935600719447,0.348572073173025,0.949451954351464,0.398117405227898,3.69686990417818,3971.4784467265,"GEO"
"68",0.331572584073618,0.0541049438955675,0.000474271090999869,0.125852502044705,2.69366155368725e-05,0.271411181932991,0.140937264204044,0.247321126229872,0.179410088763389,1.35111089885072,2254.1538164321,"GHA"
"69",1.47893106050869,0.125889300614827,0.0229214016334074,0.0362394378895211,0,0.0447734190871218,0.104471311203284,0.113107022482348,0.65070702406617,2.57703997748537,1078.95000622281,"GIN"
"70",0.582084642300295,0.0624240688817312,0.000328552086678165,0.0464057063787105,0,0.0411310798687778,0.110482880532834,0.134362493089648,0.267062363655022,1.2442817867937,757.413111611389,"GMB"
"71",0.882350490193588,0.174451904930798,4.87805373785949e-05,0.0338135506235271,0.000114329384481082,0.0560569675375686,0.0290655783186772,0.0872714301538924,0.42327278787885,1.68644581955876,727.520171719562,"GNB"
"72",0.0148519050453141,0.100137207454107,6.77127695591899e-05,1.58595494606143,0,4.59038621225459,0.316345506188591,0.296700962590477,0.325106825803555,7.22955127816762,7198.33588370688,"GNQ"
"73",0.779700118660017,1.17163430763492,0.00167417310239914,1.13821512615878,2.11382669343809,0.669286819527785,1.91170420652062,1.57247164363311,0.479770999983114,9.83828408865883,18117.0667821328,"GRC"
"74",0.136030359317093,0.318044063669247,0.00023107208560332,0.138145557639154,0,0,1.63527937503888,0.925985833503675,0.382477626000942,3.5361938872546,9273.19929177393,"GRD"
"75",0,5.22468822659057,0,0.538962869019939,0,0,1.5852885225111,1.40608046219968,1.08905798633129,9.84407806665257,54181.0809676737,"GRL"
"76",0.647712274342881,0.188186686370947,0.000189220926651159,0.219111804784733,0,0.0100157036623906,0.693977516535062,0.51496117956865,0.448079619700544,2.72223400589186,4331.68746221287,"GTM"
"77",8.66592334459335,0.330609655474033,0.011257896737562,0.309493629848492,0.00291014405785199,0.807428304806124,1.20143562021412,0.839541598278069,2.19976378122938,14.368363975239,6955.93921717789,"GUY"
"78",0.0102823960769312,0.209942979767341,0,1.06358286821321,11.8212235367057,0,3.5406427221172,2.05729394258067,0.699107428209836,19.4020758736709,46002.6614028643,"HKG"
"79",0.765173038650293,0.117416358123411,0.000114189274325647,0.23352958542125,0.003449202633764,8.11743382474097e-05,0.362962370646067,0.495986110707259,0.384243374397048,2.36295540419166,2405.73284775141,"HND"
"80",0.577951792672245,0.858547115559812,0.00289018889875156,1.31849589356895,0.258280092797839,0.476903091345072,1.00166712623877,1.52755069827354,0.386654415740946,6.40894041509592,13934.2384475328,"HRV"
"81",0.393378822056468,0.0712270685820423,0.000151457575259813,0.0761667604908488,0,0.302038152399997,0.0807776658046068,0.131172521052998,0.204428261685364,1.25934070964758,1272.36799204205,"HTI"
"82",1.24880992924687,1.42762550011128,0.00292297898109282,1.14425916245271,0,0.332022131703303,1.21346617876164,1.47933760163969,0.257199376834173,7.10564285973076,16225.4095002727,"HUN"
"83",1.63919994754676,0.189324785761826,0.00582278789411734,0.601132912779275,0.0429683007700512,0.693999109751459,0.860777593697796,0.52692533137614,0.63504936992351,5.19520013950093,3870.55769054611,"IDN"
"84",0.60762763449604,0.163813976146069,0.00156604578591938,0.525051825343809,0.00326527738370495,0.121068379790153,0.835222583413998,0.21557490638986,0.221584808451387,2.69477543720094,1933.10111517428,"IND"
"85",4.82371568205734,1.87098130420941,0.0053975498380249,1.33879568941285,0.0925341994687508,0.0973843390856973,1.66005561995676,2.65437494785123,0.15806728346007,12.7013066153401,86250.8193922962,"IRL"
"86",0.365139529802453,1.64939886860983,0.00703834055028808,1.80169640900346,0.0172093487082107,2.07515841329163,1.92176134016578,1.66562247984807,0.291691140942397,9.79471587092212,2756.75000969688,"IRN"
"87",0.344747432929586,0.252038808921493,0.000425781547563523,0.383477816299055,0.00036790349999095,2.56017628837827,2.20706597480853,0.78025184608099,0.351962175204209,6.88051402766968,4583.74737971152,"IRQ"
"88",1.86602197802198,2.22262271062271,0.00279267399267399,6.6840293040293,0.111759706959707,0,1.01684981684982,3.81920879120879,0.757825641025641,16.4811106227106,63642.7127478546,"ISL"
"89",0.166095452612379,0.342645248864282,0.00188491972945423,0.934409530265064,0.0379830677250561,0.877225698543858,4.19708022872285,2.34574973418761,0.813906375118551,9.71698025576911,47033.5403175913,"ISR"
"90",0.510769389903329,1.46187151337866,0.0021499515363644,0.84139366411482,0.219193372717742,0.386970354253927,1.63002283027235,2.23861066522832,0.269670973229589,7.56065271463509,31301.9656670339,"ITA"
"91",0.276368289329759,0.165095717524309,0.0130016571202984,0.952274800323252,0.0579374103603283,0.103289216628208,1.04416510956344,0.947727597384945,0.18003749205126,3.7398972902858,4664.53024222133,"JAM"
"92",0.106023047806852,0.275365426721578,0.000324507945593219,0.367854307595505,0.00501767103068271,0.121088018002301,0.988119833698254,0.836511505281707,0.488477076664635,3.18878139474711,4282.76582461621,"JOR"
"93",0.194713255108081,1.37016218290227,0.00100335664033112,1.89451223905184,0.70701176465528,0.479683888063158,3.92296198287137,1.66259743789169,0.238468273433071,10.4711143806171,39850.1633796791,"JPN"
"94",1.40841051583696,1.35526376615113,0.0348800758897673,3.81231390507857,0.00258543723425853,2.96272743869692,5.3163899656958,0.768007203392629,0.255742380400228,15.9163206883763,9111.41503254928,"KAZ"
"95",0.920389389878988,0.0909282089144209,4.84273208942317e-05,0.121851601132946,6.49045122583981e-06,0.196312902979842,0.0301658133614028,0.185471785134449,0.153688491816266,1.69886311099044,1872.12402649219,"KEN"
"96",0.835205621662517,0.867734252415357,0.00215520974171357,0.26450896364009,0,0.0508890680852231,0.280433083580784,0.376827717030357,0.18883567326585,2.86658958942189,1192.61905984367,"KGZ"
"97",1.9565442753624,0.090812885553782,0.00132843103801065,0.0854678795722536,0,0.14399426854679,0.230995077388435,0.351210071481074,1.11337593683248,3.97372882577522,1547.51138764424,"KHM"
"98",0.0752473921269863,0.0438105922341476,0,0.0673023793178507,0.69130820621871,0.0086482594645279,0.175811663848099,0.29431709726571,0.176749326055289,1.53319491653132,1514.59105909467,"KIR"
"99",0.156527297337946,0.504963152353737,0.00347796661152053,0.211215972326666,7.71599112648519,0,2.95157166491202,1.41996916829598,0.664836817566551,13.6285531658896,18440.8536789158,"KNA"
"100",0.254012546796142,1.22797183586928,0.00176642171640571,2.39096498980752,0,1.26801384238922,5.89177467696775,2.07039887742313,0.590062053650005,13.6949652446195,31946.98403612,"KOR"
"101",0.104063562579454,0.207115080611151,0,5.7412685400028,0.341435543744466,9.35274857202669,10.2419376555269,3.3080106768124,2.19970996798314,31.496289599287,24811.7697100231,"KWT"
"102",1.28301644575342,0.22867255780864,0.0269314125270976,0.767900899944966,0,0.169998828955478,2.26364115677207,0.181017230848062,0.644478580056287,5.56565711266603,2608.98283307549,"LAO"
"103",0.102871433088143,0.114286518001325,0.000923017146728373,0.495806864962005,0.00646243862302251,0.00116915505252261,2.06796805247191,1.35094269352813,0.529197230010892,4.66962740288468,3801.79274268223,"LBN"
"104",0.121157598636686,0.217506772377912,0.00390238443459319,0.0615242926742851,22.8790361662083,0.0885782148603005,0.0672245380636209,0.129713502859119,0.201293993270033,23.7699374633849,601.063005802862,"LBR"
"105",0.411261092718147,0.192671329257532,0.00178059801606308,0.667829330953575,0.0318816547758811,1.68900702299293,3.0020053011903,2.60394435569348,0.441722198476064,9.04210288407397,7614.32544908885,"LBY"
"106",0.178925986636098,0.304173088128781,0.00154659667046055,0.133268710279967,0,0.000522793240719059,1.74808989865435,1.18896252770532,0.277848270153407,3.8333378714691,8804.56108865238,"LCA"
"108",0.332368043150853,0.105497297234189,6.77150829509766e-05,0.0853826952938017,0.0125853852170969,0.0498344716472278,0.443313462458992,0.490675679777708,0.658508166672504,2.17823291653532,3781.28885327795,"LKA"
"109",0.58662052830386,0.15931412364185,4.52794535843589e-05,0.0627657250407515,0,0.0739782247840123,0.0575604550725125,0.168421362192683,0.181024454639323,1.28973015312858,1050.63163365737,"LSO"
"110",3.29963512350443,0.785265425334764,0.00343607645178271,1.41404978380342,0.358183603442835,0.937871447247925,0.596363136784422,2.25580072078995,0.477976821728463,10.128582139088,20771.8269191248,"LTU"
"111",1.01468426904546,2.94019579025394,0.00150005751019208,2.10365573121014,0.795338798931588,0,0.972880749421703,12.3912066916303,0.0647692563293161,20.2842313443327,117182.021025898,"LUX"
"112",2.55115358800383,0.977549594370062,0.00241331522286584,0.909375029821832,0.194421382227354,0.0194942005151092,0.82858781827185,1.83722475111361,0.408376197247167,7.72859587679368,17837.6762495422,"LVA"
"113",0.00414727524170622,0.239945976080401,0,0.687580658574372,0,0.00435517801097111,1.01179347708911,1.75904531048354,0.155251007943426,3.86211888342353,39403.1359073362,"MAC"
"114",0.366711531875973,0.271664152481024,0.00167938389447356,0.386616079517623,0.0038481941211404,0.00147925146624706,0.749102804183952,0.495191051016295,0.56365549587977,2.8399479444365,3108.19086150816,"MAR"
"115",0.378078331407601,0.448468168894955,0.000339616402034426,0.413640630813917,0.0948479200230642,0.00104289503894805,1.07784825988736,0.560969696549026,0.226184523754928,3.20142004277184,2939.97008488986,"MDA"
"116",0.921163647998521,0.0699114731057216,3.48488426934075e-05,0.0914999158571985,0.000571701584123662,0.0833194299090463,0.047054965833689,0.0543421296868082,0.308807692891053,1.57670580570885,477.613024136458,"MDG"
"117",0.00279349245757036,0.243239193254178,0,0.363997617206434,0.0064065327023617,0.00418468870134051,0.986047337672188,2.17833396849828,0.286471726526338,4.0714745570187,6924.10574465625,"MDV"
"118",0.780424511531407,0.2611243417809,0.00889792533087326,0.839388451120628,0.00346296028801123,0.463840971919998,1.06147024613265,1.22969370885685,0.565970080278749,5.21427319724006,8431.66508284345,"MEX"
"120",0.601491615303793,0.180654600051167,0.00584291192337064,0.727683729172657,0,0.0563123656329453,1.87374596748839,1.05554102254079,0.276172506298662,4.77744471841177,5816.0237840672,"MKD"
"121",1.60451984347904,0.0513337870430423,0.000209127189527108,0.0471271948602216,0,0.0244730661463128,0.0937739156816949,0.0941336045715451,0.328814112050891,2.24438465102227,862.453012011092,"MLI"
"122",0.172729928726568,1.23323421034156,0.00368030910066834,0.238488559334509,130.335458475922,0,2.03256111011711,1.65611871205035,0.21079451645268,135.883065822045,33784.1923460555,"MLT"
"123",2.17050829747704,0.199497031710763,0.00282017251600594,0.180986687102204,0.000740124130597669,0.0546633223666799,0.221816690642743,0.107310371633106,0.913769345047303,3.85211204262645,1450.66272679541,"MMR"
"125",9.74264098500073,1.04120682355324,0.141829647877614,0.548198269098665,0.0518587117926042,4.9113989845932,4.34856443538281,0.690154812323002,0.223182071639744,21.6990347412616,4060.95051770038,"MNG"
"126",0.310857765669946,0.070727664781256,6.54286185609441e-05,0.076024183441242,0,0.357237153882608,0.0444082750917312,0.150865212694521,0.175854209808495,1.18603989398836,448.843877006315,"MOZ"
"127",2.0355460399255,0.118491459590594,0.0258162962453169,0.151463762941806,0,0.0698545700115707,0.0872539067372668,0.300881569835214,0.247261090058198,3.03656869534547,1702.48695898248,"MRT"
"128",0.0874814333128631,0.159791062356548,0.000378213933841655,0.2764908980969,0.0255227569200962,0.00100175582476979,2.22289145731883,1.10008751603085,0.474535036685179,4.34818013047988,8591.84159000984,"MUS"
"129",0.445869452078196,0.0389094465246026,0.000166440529188881,0.0427651271126813,0,0.0453728696500922,0.0086252158656298,0.0251302198499568,0.16691726839309,0.773756040003438,636.286276328798,"MWI"
"130",1.7385361328886,0.252449283349767,0.00908922999995242,1.97815040339556,0.140091184582042,0.691760161389122,3.62834935601244,1.89071491013501,0.586992559290154,10.9161332210427,10412.3476677499,"MYS"
"131",1.86406044119522,0.61705463698918,0.00271516256342201,0.264491230721519,3.93558858301494e-05,0.177416333322314,0.0114132068907433,0.77700797665094,0.190750107441568,3.90494845166074,4157.01950619148,"NAM"
"132",0.778290734208784,1.26427803328301,0,3.24598673863624,0,0.00571646741928817,8.43137261770073,5.26009926757761,0.167711066198234,19.1534549250239,33050.1834637418,"NCL"
"133",1.26654604134172,0.0368476231063251,5.5026233302306e-05,0.0125602334830829,0,0.0201300998618726,0.0233561986886571,0.0602964410255105,0.13767133937983,1.5574630031203,567.669892261611,"NER"
"134",0.415638567262185,0.189109127988994,0.000168740018899814,0.0941296674680653,0.000624193507700607,0.293944002025812,0.0716990815932504,0.323786133280554,0.249248567475633,1.63834808062109,2097.09234063905,"NGA"
"135",1.87270282648462,0.150459034676146,0.000991915833126275,0.152289044666252,0,0.0201897365467924,0.62464582521329,0.309611635741817,0.328499095939138,3.45938911510118,1900.04359427589,"NIC"
"136",1.15821365246106,1.89956728015625,0.00126443882808826,2.12960287890066,0.726957723762661,1.28095841265013,2.9341727286702,2.14412495825764,0.298321423314814,12.5731834970015,53333.6513469481,"NLD"
"137",1.14073915165565,0.603890400022725,0.00202591952176273,2.75787485598319,2.98191318520737,7.15117790351362,0.281692645338467,2.6129661800746,0.375692507362704,17.9079727486801,66810.9481988186,"NOR"
"138",0.929892526319287,0.201386781970077,0.000226586247882747,0.14846262500683,0,0.00137640334521201,2.9515930502751e-06,0.195388286870683,0.451191496336867,1.92792765768989,1147.47197125836,"NPL"
"140",8.77077051233319,1.02526526611219,0.00734576699217976,1.8918509329599,0.0862471805074537,0.376985931621305,1.54948962441259,3.12889609440274,0.939446517826907,17.7762978271685,43907.9846013274,"NZL"
"141",0.331510536710961,2.46100768766515,0.0129099040422416,5.77097443280509,0.00436589980617324,9.13659753943018,3.65517557399001,2.66259065190257,0.667838739581665,24.702970965934,14485.3861157973,"OMN"
"142",0.917814328334144,0.148301750043514,0.000461541590107499,0.3601503177548,0.000991772752133872,0.0653341589904686,0.377736056899684,0.266048605688158,0.277981577414257,2.41482010946727,1359.5144907955,"PAK"
"143",1.07394093958238,0.186029237261424,0.000197229607710079,0.617252654140385,35.5326847237209,0.000668402101804778,0.461747190115436,1.18670945923396,0.483455889169476,39.5426857249335,12509.8352912602,"PAN"
"144",0.800177472612393,0.136703044366819,0.0576163034598485,0.261759001193988,0.00255972913620128,0.118901494390002,0.372180048870782,0.735112329766897,0.420632170814326,2.90564159461126,6117.49320021897,"PER"
"145",0.295389273740374,0.104115410863597,0.00257150211905178,0.252090397204306,0.039604133151151,0.088336410750001,0.602416833094411,0.306026392072325,0.5041380863092,2.19468843930442,3301.21851219931,"PHL"
"146",0,4.86131992040681,0.00121600707495025,4.54410789299138,31.354079151006,0.00591421622816715,22.6252487287199,32.0591974353305,0.276696882600044,95.7277802343577,14243.8646915764,"PLW"
"147",3.76541503674908,0.0899384790053724,0.00247657685620039,0.103484878272973,0.0123590774902099,0.0221558513235737,0.277522354632438,0.323056809820737,0.127525489752071,4.72393455390265,2757.01101864579,"PNG"
"148",1.11638159133115,1.67988905953094,0.0144698848012889,1.31164138267201,0.001942684210187,0.677308061774842,3.64030442467176,2.45084396475837,0.21555540359711,11.1083364573477,15764.2771784668,"POL"
"149",0.317221515359125,0.0886334083695698,0,0.455937416982425,0,0,4.05615134016583,2.41559017631185,0.524754967072608,7.85828882426141,36051.7540302848,"PRI"
"151",0.700173497188847,0.733150614213,0.0103838425483835,0.979766310829565,1.59974440767985,0.24386265095192,1.23067613887503,1.94432379002358,0.460856235253205,7.90293748756339,22413.0442352949,"PRT"
"152",4.25427148571405,0.084360528452036,0.00186750003154561,0.135507036072754,0.00780620621294267,0.168054393041459,0.150016894425961,1.08398324297269,0.261804997665625,6.14767228458906,4967.68721171529,"PRY"
"154",0.140959188904394,0.260978839745963,0,0.420161336257227,0,0.0048557514310939,1.16409876683849,2.09482243043887,0.313986272890383,4.39986258650642,20182.5845029164,"PYF"
"155",0.199705316793125,0.160401032953149,0.00200863571046768,10.5020870790612,0.132889283805266,15.6581084739644,8.11713744246909,7.88490763816095,1.06711800517865,43.7243629080963,50124.3859361728,"QAT"
"156",0.795956602255927,0.745794217827283,0.00281400846526104,1.1238659626456,1.39829736243691e-05,0.252368554589893,1.13658682995176,0.976937138268529,0.399501353645413,5.43383865062329,12969.9271277851,"ROU"
"157",0.858480685793939,1.70920835634366,0.0145865011940155,2.67170978712305,0.0528955918619023,3.66377872618533,5.35267338661534,1.63273434247684,0.720754211507347,16.6768215891014,10198.564464298,"RUS"
"158",0.405669256881201,0.0502516597747921,0.000163755850449912,0.0318558787925674,0,0.00536124764509282,0.018452450852206,0.047025028703598,0.157270470234074,0.71604974873398,786.301814784707,"RWA"
"159",0.171163141079296,0.130193232191264,0.00672358498056005,5.74583464842229,0.0907483477561298,3.76197608952846,7.71479917141066,3.37938783475597,0.858968041126599,21.8597940912512,20203.6682974312,"SAU"
"160",1.65667002696601,0.0655226673339222,0.000137448132543512,0.0742545120707602,0,0.152687611569707,0.133419513411262,0.272397454844628,0.26824894773614,2.62333818206498,615.462120009596,"SDN"
"161",0.60769311625168,0.0454526506023377,0.000128285295029303,0.206747818463168,0.00140594233253484,0.0438613276572465,0.194892238560481,0.201882234338056,0.192308496272978,1.49437210977351,1462.80816888438,"SEN"
"162",0.00272052424960383,0.102665775322917,0,3.88755018295508,11.3561514256515,2.93132727431537,5.91418315131267,1.9330124746532,0.861556322424172,26.9891671308845,59021.4853896043,"SGP"
"163",0.11551250731571,0.0466793229656504,0.0121695555833787,0.0518563704180364,0,0.00562545313723834,0.133939360410437,0.230419375784346,0.215764662720308,0.811966608335105,2250.6011638607,"SLB"
"164",0.361319470952998,0.0933139525773209,0.000887804101424285,0.0385782347591226,0.134856089111362,0.0824873056674922,0.0210214761592256,0.0635826693920071,0.359153238974374,1.15520024169533,509.376593987322,"SLE"
"165",0.386797448922721,0.0725709856971747,0.000156948574365796,0.26323945249307,0,0,0.343806798463384,0.589180631312536,0.312825334891719,1.96857760035497,3798.63652082321,"SLV"
"166",1.35318880335066,0.108922553700418,4.55540189813027e-05,0.0124454334895907,0,0.116980707306682,0.0174917365701687,0.0316274506756624,0.194542087414765,1.83524432652693,438.255165584868,"SOM"
"169",0.0674481317387674,0.144268368916002,0,0.13793512531883,0.167055269870096,0.0651575782187524,0.319399893229179,0.431591387153736,0.188956976834382,1.52181273127974,2157.84044569668,"STP"
"170",2.5624665464327,0.667644562026749,0.000173873317946113,0.211948165295568,0,0.66424550912494,1.45064895658963,1.22549664697239,1.29715802357177,8.07978228333169,4916.60566637918,"SUR"
"171",0.401051314161017,0.992632485310853,0.00371031585764857,1.98644490125087,0,0.652732422248121,1.38383846709391,1.42198418468021,0.622122728537379,7.46451681914001,19263.633994305,"SVK"
"172",0.825493967813266,0.826332860494167,0.00218477669533044,1.97103367067017,0,0.404053814195854,2.29117753306868,2.49177004912621,0.263302630053619,9.07534930211729,25777.4835147053,"SVN"
"173",1.14293270701744,0.289272095903961,0.0417857924384634,1.24766047446994,0.371469125986334,0.511225365793765,0.814098444739075,1.85111012974205,0.782529430344966,7.05208356643599,53616.4645043213,"SWE"
"174",0.909011139804373,0.118253109043204,0.00071972583186515,0.757501525646374,0,0.0826072865560386,0.50337710875359,0.352233822114804,0.24432149247865,2.9680252102289,3434.72179830295,"SWZ"
"176",0.0316249745779947,1.44993898718731,0.00377262558470612,2.18507219849502,1.55484034980679,0,3.82346959528168,7.03706528370958,0.655725035590807,16.7415090502339,12209.0145347612,"SYC"
"178",0.000903972312619454,0.956428534531742,0,0.396766361898858,0,0.00103311121442223,4.4423782220156,3.7752724830828,0.278423472286792,9.85120615734284,23879.9266491038,"TCA"
"179",4.30118223954071,0.0537400814167466,1.54025430268213e-05,0.0117637683362557,0,0.240739555843016,0.0113844883241723,0.012678362818042,0.19194125555321,4.82344515437518,652.349209585738,"TCD"
"180",0.400638285767503,0.0775714942991908,0.000232161016831432,0.0981075978135312,0.120732425731123,0.238442168171304,0.0379284907830748,0.242924615191907,0.212085732400969,1.42866297117543,914.950792453214,"TGO"
"181",1.03708600129032,0.220028958176146,0.00164828136903657,1.13991135183198,0.0375044541562593,0.393593960548067,1.37886866895198,1.1192835367164,1.31440446340555,6.64232967644573,7158.76688884489,"THA"
"182",0.689263656572558,0.285045087664226,0.00069377735083787,0.269345819438389,0,0.110690986304581,0.135696118600384,0.164401746259715,0.158265533556407,1.8134027257471,852.830987774963,"TJK"
"184",0.71230816372658,0.0393654024977966,0.000569611708364873,0.0548511045612928,0,0,0.390612556335432,0.222460297836386,0.311230224765291,1.73139736143114,1442.73073825015,"TLS"
"185",0.745593536240385,0.0928408564103049,0.000227064155084818,0.14185833088924,0.257802965079425,0.00603612212267141,0.444667303707768,0.638674702214822,0.285306110864074,2.61300699168378,4624.82344882844,"TON"
"186",0.187925467187713,0.252505375168543,0.000508041852359179,12.0741562468069,0.0234671033968779,4.19468649673346,3.85807697227063,1.74169537353223,2.70629393115068,25.0393150080994,15285.9404867715,"TTO"
"187",0.349474024797146,0.365603491034231,0.00359652879888325,0.722403245455602,0.0202513525693106,0.0666643934172337,0.78693397146773,0.668553294471486,0.327889436819093,3.31136973883072,3597.21852540455,"TUN"
"188",0.586676777757289,0.869863697338287,0.00727971016802272,1.33061351445745,0.0624704407466091,0.215515010646548,1.51959224782554,0.993891514480975,0.700204965499265,6.28610787891999,8536.43281352811,"TUR"
"190",1.01571220085989,0.0802420006650795,0.000492799637648212,0.0567567171217247,0.00682958658066258,0.0783961071825233,0.0430572320560799,0.0948057475132845,0.218715518087657,1.59500790970455,1044.7899594255,"TZA"
"191",0.792319275923132,0.113723967556459,8.05841586322992e-05,0.0445809886097812,0,0.0356878948864257,0.0225618154391028,0.0566247786449793,0.145261362891061,1.21084066810957,822.027681531666,"UGA"
"192",0.912296899447649,0.718499298345196,0.0107731428327354,1.08993085341218,0.00246507526131531,0.457032206426542,1.98004955256987,0.604311049798696,0.208336141995213,5.9836942200894,3581.16648953217,"UKR"
"193",7.6140738751203,0.338220591313019,0.00040907071856827,0.478422167314818,0.0104570681576301,0.187032544583958,0.725445609283631,1.20439487616615,1.91676835859583,12.4752241612539,15418.8153089096,"URY"
"194",1.20340982701964,2.29368290023631,0.0106377817101262,1.94116654157603,0.0255758370712288,3.05553317070664,4.83500349918642,4.87647643830387,0.4305198082761,18.6720058040864,63122.5866447428,"USA"
"195",1.07680105888399,0.721059750457137,0.00371422083587298,0.501062678522343,0,0.762686918121736,1.39491401049323,0.161247714316446,0.26436245861867,4.88584881024942,1789.53501586221,"UZB"
"196",0.130738100173957,0.201447538013646,6.30931886396207e-05,0.0917555229073341,14.0813541600945,0.000865278015629084,0.757118263675449,0.559528423481482,0.39880303207838,16.221673411629,7860.82135437107,"VCT"
"199",0.788669516704702,0.229508167079973,0.00440246798741186,1.2019497838596,0.0309559054197871,0.2428216440872,1.40713984497658,0.431575807595475,0.798996623990339,5.13601976170107,3526.27454316935,"VNM"
"200",1.60119160019534,0.0625948233762006,0,0.0754094090835097,2.79789028162136,0.00538824678495849,0.162786911932281,0.319596288458408,0.314504313853166,5.33936187530523,2919.83679998348,"VUT"
"201",1.1523159114964,0.163015977017287,0.000287283907061136,0.216788468323169,0,0.0071669774708936,0.459533289652739,1.00694017438637,0.203780051408699,3.20982813366262,4068.07886505264,"WSM"
"202",0.225214752460004,0.0576131510635296,0.000125997587069094,0.0803064631464769,0,0.0444488507464368,0.0681049480104049,0.0850788480695748,0.218360054567215,0.779253065650711,631.681490044125,"YEM"
"203",0.45643294578137,0.769775870288962,0.00605300821673828,1.00673280739356,0.00105534278179664,1.06052844665669,3.68293133154918,0.920611029492945,0.42071175671856,8.3248325388798,5655.86746317753,"ZAF"
"204",1.68281495016633,0.152398101910166,0.038343433807174,0.140617666839499,0,0.212708407265553,0.18401257052617,0.0666117782266233,0.143838464365341,2.62134537310685,985.132436038869,"ZMB"
"205",0.751999051061746,0.260077439659093,0.00109668842483045,0.15183328290585,0,0.045582407825861,0.404781440425564,0.195053504602425,0.190917307203352,2.00134112210872,1214.50982023534,"ZWE"
